277
100
43
576
965
494
159
799
743
920
506
678
388
501
461
505
431
898
392
46
259
891
926
979
929
539
537
755
763
630
684
402
239
292
586
148
854
540
782
263
199
436
772
31
853
581
177
359
118
967
647
480
895
543
717
983
334
410
676
102
561
719
316
493
87
424
959
791
376
554
822
585
377
744
70
740
86
596
165
123
486
620
672
933
925
704
220
695
911
333
324
94
483
233
618
848
574
291
788
980
510
769
174
869
940
396
710
615
635
161
305
178
973
447
732
976
448
255
445
253
820
616
328
818
490
863
599
919
176
249
492
849
666
309
544
197
692
59
282
134
151
770
553
691
705
464
98
372
463
900
71
807
825
495
993
487
146
130
210
675
874
713
182
868
122
383
326
754
400
867
191
519
716
170
330
451
208
422
384
423
923
236
454
964
45
855
172
84
866
299
994
526
654
225
843
462
393
735
13
802
989
331
115
158
160
790
970
852
471
897
560
626
623
572
824
734
55
969
23
924
367
9
12
97
441
800
474
555
312
804
73
209
577
126
391
369
154
619
62
922
579
244
196
227
870
648
794
135
703
930
286
745
125
34
205
498
186
101
81
345
417
570
28
25
975
322
977
988
11
912
545
758
737
613
198
886
559
660
354
776
673
284
793
181
371
485
473
565
320
398
385
509
511
738
366
193
835
928
296
37
903
842
185
144
859
64
943
188
444
653
659
470
2
262
865
4
386
592
696
302
420
231
830
364
285
953
847
629
935
307
449
881
458
162
380
180
962
217
248
580
106
966
727
657
250
374
442
711
731
22
460
230
224
817
625
907
221
409
337
507
733
669
295
991
642
91
914
184
602
520
167
153
47
466
437
749
605
694
714
909
547
795
861
257
319
796
476
595
860
582
656
614
551
508
323
913
884
258
246
379
114
987
792
382
567
918
513
156
819
523
33
48
584
722
655
0
415
96
479
222
995
609
542
389
821
452
274
79
608
816
882
643
61
558
66
405
883
721
729
192
238
163
649
902
127
280
306
435
428
269
256
742
552
594
942
21
465
936
213
14
275
313
750
129
206
651
536
814
411
157
190
240
52
351
136
150
357
469
276
457
58
677
879
724
166
200
232
438
412
5
77
350
836
467
472
990
378
638
229
764
934
808
781
164
203
885
985
756
634
497
797
421
245
10
525
739
290
8
139
500
321
573
117
112
132
954
397
468
748
917
999
662
857
546
856
624
906
759
92
426
111
606
931
569
765
658
955
702
266
753
904
591
944
771
355
90
488
892
281
332
63
878
889
318
18
951
218
336
873
768
640
76
439
171
67
637
143
183
527
621
6
390
813
120
948
801
53
308
872
211
503
736
612
27
726
169
242
566
839
751
340
700
972
823
984
834
575
945
533
453
219
140
19
963
636
715
939
264
661
15
212
899
516
1
289
831
327
927
844
530
667
450
50
408
562
775
433
403
56
901
456
434
828
202
105
344
529
952
347
54
949
288
723
846
876
40
598
880
777
459
261
430
131
783
74
896
550
427
502
341
932
142
741
950
287
279
829
568
325
641
682
496
360
681
538
7
687
361
698
113
356
88
549
80
689
278
851
532
83
650
712
343
534
373
298
978
241
432
335
887
837
194
864
223
75
57
670
693
515
961
774
571
589
671
663
443
665
294
810
652
491
588
399
845
370
587
778
850
348
133
413
707
812
610
404
998
603
85
957
38
627
273
107
982
548
916
718
521
578
315
414
35
686
137
709
455
958
41
787
947
141
301
785
346
173
956
214
128
811
82
757
910
968
628
908
597
204
104
803
697
237
138
187
481
30
381
805
683
644
841
915
155
992
974
17
363
639
890
271
517
226
69
701
407
349
646
838
528
147
270
338
531
260
981
680
798
395
894
706
762
827
611
504
766
16
365
518
311
418
297
387
119
168
352
265
406
893
858
832
99
478
179
728
358
189
514
971
317
786
607
996
617
747
937
368
699
875
986
26
339
362
272
342
601
145
593
68
310
401
24
215
760
833
524
228
688
535
304
482
484
767
93
243
806
44
779
108
809
300
780
149
685
39
522
583
826
645
499
840
446
921
152
429
631
679
234
877
416
216
267
633
121
329
871
556
29
49
720
905
668
789
60
557
293
251
314
773
440
110
941
195
512
541
563
564
252
604
622
124
997
475
175
708
664
690
862
419
207
3
116
283
815
303
489
752
394
72
201
268
36
946
32
888
632
95
477
51
674
20
109
65
42
235
78
960
590
746
375
725
89
247
730
600
254
938
425
761
353
784
103
