417
404
215
173
742
187
242
492
637
172
593
252
694
124
868
625
419
416
277
401
947
517
852
361
646
733
99
848
537
469
973
684
55
141
570
409
308
969
561
335
245
660
303
243
891
377
979
784
501
711
183
90
8
974
632
617
628
608
916
175
603
333
888
22
415
118
279
68
431
158
46
930
236
384
134
757
316
571
818
72
812
514
748
323
497
84
13
980
452
463
70
476
519
909
771
324
872
424
910
433
862
318
507
138
698
604
931
325
345
530
480
607
355
150
106
339
5
713
222
190
548
246
443
214
736
845
280
403
763
551
948
734
205
20
591
32
719
682
690
80
535
567
30
50
794
656
282
890
505
816
166
301
976
936
901
586
595
352
647
89
925
703
877
655
458
616
626
272
288
274
456
466
306
666
263
375
874
110
35
199
827
707
849
408
552
597
163
522
650
894
585
319
829
987
790
477
780
962
25
605
753
965
963
645
843
51
985
93
851
540
823
758
414
255
448
407
148
3
161
508
67
773
155
374
275
955
194
774
429
618
534
343
635
627
735
494
912
278
516
805
266
512
859
665
847
198
705
559
293
681
680
959
620
125
566
906
396
921
803
863
523
768
317
631
781
764
244
101
102
563
149
66
315
854
804
668
379
92
610
212
200
9
420
938
532
241
48
582
341
312
989
235
653
778
108
924
671
767
565
846
935
460
629
286
58
869
958
575
330
842
865
670
83
174
440
775
57
300
160
338
105
716
385
509
683
167
482
353
834
297
459
176
953
265
696
933
357
249
449
796
290
802
676
791
423
405
832
182
995
157
793
391
455
256
739
287
221
922
521
594
881
499
939
181
697
555
664
164
78
546
368
103
576
120
127
79
641
86
331
886
132
562
11
159
991
26
884
33
61
446
830
725
140
788
524
233
154
332
348
592
147
258
835
928
56
387
619
487
262
367
836
822
97
715
663
811
515
547
588
77
311
693
679
291
296
759
441
673
27
828
364
425
336
131
526
179
43
436
87
304
406
765
528
746
220
911
269
943
356
809
351
88
208
721
37
388
642
491
360
782
717
686
918
462
902
240
783
73
7
769
281
52
451
786
652
493
749
380
762
111
529
932
688
558
896
21
807
581
82
45
464
577
434
44
855
171
447
213
900
919
378
727
813
590
114
578
580
557
756
542
799
257
889
289
754
270
887
657
359
633
135
975
372
470
178
971
795
876
285
188
961
399
4
307
216
237
825
468
744
990
122
543
457
789
299
224
320
880
797
14
453
189
844
313
426
226
841
573
503
817
439
128
724
23
223
541
76
376
871
34
712
907
234
438
978
589
295
798
598
96
996
714
247
878
168
444
672
927
12
253
536
905
599
644
430
574
10
937
819
553
94
71
951
998
412
261
142
418
413
875
772
251
305
165
710
38
615
820
609
143
203
549
100
892
587
112
231
920
699
209
838
473
64
776
949
81
358
95
36
268
354
601
908
692
999
248
970
701
702
850
898
929
276
75
572
283
91
373
957
146
123
667
62
85
126
284
490
612
41
550
914
728
53
706
454
483
634
506
944
745
856
321
207
779
496
545
988
899
153
651
638
564
730
945
584
397
298
402
873
740
708
474
17
761
136
322
674
137
42
923
942
695
271
366
2
960
116
488
857
801
687
636
539
554
119
839
815
229
556
675
777
992
982
24
808
121
544
31
115
69
428
340
700
623
6
206
498
197
314
903
743
917
485
432
831
792
144
310
193
309
568
648
904
328
649
833
130
334
230
602
678
411
435
583
267
984
956
502
882
946
913
840
977
180
752
344
145
151
390
997
18
392
389
895
837
926
993
732
273
450
437
525
718
327
941
747
49
511
864
204
363
622
870
770
442
427
897
0
232
579
117
737
966
383
129
186
750
1
29
915
964
421
527
504
867
883
184
63
731
445
755
210
967
981
472
954
107
302
489
292
362
722
238
709
40
630
940
821
569
691
219
614
170
879
600
639
495
824
994
950
669
893
560
369
225
59
853
217
185
28
465
54
518
326
654
65
751
538
400
422
720
365
986
479
513
738
486
858
169
162
410
729
195
866
16
393
177
381
228
15
259
47
202
766
227
113
350
371
104
531
484
689
662
109
74
239
726
500
370
520
613
342
658
349
741
621
337
461
19
346
478
294
264
810
471
677
983
704
787
860
192
133
806
611
934
640
467
606
139
201
395
861
398
152
254
347
218
475
624
382
533
191
156
643
785
685
98
510
211
386
39
952
760
814
329
60
196
481
250
659
826
394
661
885
968
800
596
972
260
723
