178
516
900
563
524
410
707
68
481
848
470
658
949
931
689
711
196
441
463
168
811
547
352
259
161
754
62
124
249
856
453
904
734
730
633
189
558
132
346
310
113
584
212
152
505
334
649
17
130
606
610
333
7
368
570
119
832
175
492
209
534
837
591
270
718
687
420
988
669
962
126
45
542
416
802
557
81
622
51
279
141
625
382
418
202
179
407
970
485
865
586
37
528
248
628
183
170
153
576
935
574
972
448
552
676
362
224
395
643
444
121
365
475
243
274
199
979
59
52
24
614
630
350
257
493
589
952
845
690
477
321
67
512
282
678
26
21
247
260
965
63
237
401
147
160
784
668
419
729
991
844
290
712
722
226
451
65
967
662
701
513
704
706
598
932
879
252
99
371
529
642
744
313
359
526
702
83
73
820
841
242
800
691
8
11
569
78
982
207
710
605
227
403
816
341
793
499
863
250
239
983
2
110
386
232
34
49
55
646
562
296
329
508
1
337
627
892
20
634
287
157
657
319
400
612
214
749
705
919
53
875
28
692
654
39
377
268
756
941
608
151
681
363
446
815
532
140
32
405
778
245
114
335
480
685
25
549
553
137
755
273
771
595
373
98
84
597
468
954
301
269
751
851
502
867
116
862
639
328
906
122
600
219
117
522
572
814
218
753
581
757
281
592
303
928
604
272
541
618
263
831
724
556
396
234
292
139
947
304
108
193
520
736
679
104
149
943
474
930
461
805
88
431
459
746
603
138
981
585
788
650
195
358
402
769
469
915
197
731
978
999
927
102
732
939
315
636
491
357
342
305
886
355
56
326
683
976
745
510
809
426
821
540
399
616
593
959
18
408
159
551
447
801
655
854
996
484
599
567
472
517
535
297
940
155
64
703
774
515
956
785
694
667
640
123
813
460
69
829
323
933
791
826
716
934
120
531
111
462
33
920
590
372
186
300
849
430
92
223
637
621
311
380
58
663
902
80
344
891
275
164
428
36
185
945
752
543
874
742
538
631
127
417
926
95
57
144
486
412
923
324
246
554
389
936
833
133
267
725
496
434
103
568
758
619
866
747
641
726
215
699
495
107
30
652
765
154
925
255
578
43
986
680
653
893
364
750
905
14
236
582
397
42
613
955
880
899
775
780
376
682
438
733
387
217
659
482
992
85
375
818
163
950
497
607
918
971
131
796
150
847
384
671
917
436
896
772
583
993
721
390
916
238
555
559
286
638
87
233
761
594
686
424
265
293
714
961
356
466
204
974
872
206
216
398
812
587
93
620
5
871
565
393
221
783
664
560
440
309
548
109
23
169
231
41
361
392
298
413
894
75
989
647
808
458
22
172
948
525
773
349
343
464
855
156
244
134
842
27
3
929
561
819
748
35
839
409
523
860
942
665
966
366
977
596
115
984
176
823
316
205
91
208
877
827
579
320
798
632
994
795
128
411
884
544
698
672
609
914
766
720
425
822
782
777
177
518
889
764
997
284
741
885
675
969
740
443
347
835
709
79
861
353
937
786
843
112
235
881
327
340
697
167
907
478
890
345
995
171
146
506
354
573
661
830
254
763
74
504
910
60
601
922
810
61
514
381
240
262
859
306
394
71
511
94
288
467
46
89
439
911
487
48
135
291
521
708
369
190
184
853
617
289
476
828
762
921
331
651
944
817
615
44
54
674
870
77
790
225
299
852
626
878
539
483
423
898
727
251
498
501
869
768
864
187
713
379
807
656
0
142
12
188
76
666
635
759
432
806
200
537
166
158
339
840
465
360
308
803
963
781
105
648
645
40
550
450
422
490
280
332
388
787
488
688
258
868
776
804
998
846
719
924
266
873
895
136
318
330
336
611
693
588
145
125
670
16
406
958
437
203
435
220
351
473
370
317
391
564
571
442
29
222
429
883
241
10
96
210
433
990
700
338
148
452
723
850
797
985
230
946
47
162
903
253
314
533
677
19
325
951
897
767
500
194
728
312
278
794
834
479
527
50
789
882
973
322
770
264
957
385
198
201
912
530
644
838
717
90
6
577
779
404
457
857
960
456
503
143
271
415
106
86
799
70
72
276
545
421
660
575
792
975
673
38
908
427
987
367
15
174
629
100
180
684
696
414
964
182
256
283
165
229
824
213
623
118
624
953
494
383
9
191
509
228
546
876
454
536
909
192
66
760
181
4
901
738
825
348
82
295
445
294
566
695
836
580
507
173
519
858
739
31
285
471
968
129
980
277
735
455
449
888
302
715
938
307
374
261
211
489
101
602
887
378
13
97
737
913
743
