520
400
710
293
180
736
739
382
415
103
613
495
966
47
95
137
256
60
413
340
476
358
427
637
168
30
671
298
189
195
576
186
357
760
786
631
228
838
723
394
150
633
194
648
990
999
676
477
934
599
525
328
98
903
345
170
158
136
805
54
987
819
429
977
443
728
719
681
787
789
537
610
58
56
641
492
585
515
92
896
941
209
101
583
46
363
241
421
536
577
679
123
338
507
273
356
914
846
835
458
455
568
309
881
776
937
24
391
514
285
828
745
420
895
243
919
294
312
238
12
738
902
813
482
262
414
675
322
725
311
239
76
801
94
424
187
410
205
290
321
118
626
733
48
8
892
121
627
837
100
104
540
82
448
831
335
176
124
97
404
464
724
714
839
435
199
374
646
398
14
773
595
904
223
511
782
754
798
897
155
600
558
847
13
529
105
951
49
560
173
480
373
664
824
300
191
870
481
303
777
756
547
594
27
89
781
70
717
662
437
235
55
517
526
36
638
261
690
120
632
444
983
343
705
471
656
608
216
224
995
727
833
275
376
44
617
968
402
461
935
432
917
708
636
684
939
183
982
447
422
601
780
4
323
442
17
565
963
79
519
784
970
490
91
567
145
430
570
378
635
69
339
134
929
704
912
910
513
383
669
702
652
701
185
730
672
620
163
527
292
718
685
277
509
931
807
812
296
475
688
603
722
380
208
411
325
254
891
265
883
466
147
462
441
893
151
329
670
20
874
169
139
918
668
698
697
497
944
879
683
808
694
493
566
624
927
156
167
815
498
405
609
650
361
905
252
834
141
673
793
364
706
832
909
190
74
994
126
993
59
337
906
573
621
35
964
978
269
416
130
976
699
308
618
974
52
894
240
900
660
657
115
131
852
370
377
686
274
582
877
99
965
468
360
93
545
229
997
53
272
111
771
716
726
755
469
981
709
297
615
142
263
64
647
67
518
280
589
113
744
791
463
90
855
553
473
342
959
878
18
451
795
50
539
301
988
907
384
747
687
434
423
341
785
654
478
703
32
926
114
367
689
81
531
408
233
304
154
299
369
128
816
510
967
204
399
911
667
344
992
172
958
287
574
535
153
590
899
759
663
661
961
556
642
720
21
149
484
108
740
282
313
302
286
876
446
581
25
678
460
479
385
295
957
502
543
389
920
26
196
326
843
742
354
211
368
571
281
950
225
144
932
258
516
947
753
587
198
908
767
591
87
713
607
561
928
148
962
453
800
887
425
29
548
769
942
945
572
532
788
998
80
557
174
586
872
393
188
969
729
491
762
77
605
284
459
159
221
580
314
551
397
606
770
649
68
797
820
868
445
19
972
960
127
396
653
890
230
921
707
774
260
864
752
161
419
768
555
810
973
790
848
564
135
604
682
181
628
830
880
936
748
822
237
449
457
220
452
749
201
333
658
501
611
867
643
486
283
392
814
765
861
666
597
952
132
665
22
750
291
253
83
986
494
388
249
695
122
629
401
409
504
575
550
320
365
693
327
898
579
503
106
943
86
524
487
306
655
390
467
500
349
316
991
533
984
886
395
674
71
821
279
288
438
317
640
107
66
743
218
715
203
248
42
949
350
31
65
659
226
33
778
489
792
152
372
418
75
133
746
538
559
11
953
109
619
799
129
23
15
146
217
371
160
197
853
244
236
732
10
885
850
73
78
474
602
956
267
860
989
622
584
711
332
829
889
305
856
270
3
696
734
202
439
16
849
592
802
809
255
407
406
242
171
271
387
562
483
359
140
971
266
858
310
246
165
268
859
794
5
825
865
51
757
353
851
125
381
979
85
403
758
764
259
175
530
178
811
772
578
741
215
2
41
347
888
289
871
351
766
554
616
212
234
138
28
623
842
276
506
336
110
737
164
946
162
840
352
499
102
612
924
38
379
88
485
96
116
916
644
751
426
630
84
806
692
651
250
72
324
645
222
264
980
546
193
206
207
925
278
818
431
593
472
57
691
210
214
841
251
112
639
940
166
873
598
192
184
433
39
334
0
247
779
62
996
231
588
596
43
330
614
712
366
552
440
470
854
884
817
549
428
534
700
783
735
512
143
1
541
331
985
508
386
844
182
761
219
863
923
6
315
465
117
836
763
803
179
227
346
913
804
375
866
826
948
456
563
634
348
522
7
569
213
119
319
930
915
882
232
505
857
680
625
523
521
542
355
827
34
63
45
496
177
37
677
869
954
796
257
307
450
544
731
845
245
40
775
61
862
488
875
922
823
157
454
955
417
200
933
362
721
938
318
436
975
528
412
901
9
