500
383
765
172
97
779
494
516
471
251
653
386
242
409
705
960
447
129
353
950
805
791
467
868
645
712
482
720
521
182
400
46
212
14
675
223
209
956
538
886
958
274
300
615
166
539
917
25
13
306
534
833
892
698
804
380
82
669
891
926
370
435
410
299
12
33
358
968
515
901
250
215
923
787
859
920
402
120
21
835
138
996
360
717
690
0
202
99
541
688
384
695
241
814
789
729
308
288
611
673
776
38
777
423
828
668
146
406
314
587
562
307
581
967
841
576
976
103
983
634
636
596
1
799
30
751
963
238
794
696
284
708
973
637
47
498
552
40
205
105
418
32
359
630
654
295
272
555
623
407
809
894
375
421
646
955
432
265
721
201
184
20
750
989
852
659
774
347
939
301
931
186
663
197
831
480
906
526
229
820
132
969
839
243
36
778
553
392
104
749
638
582
785
959
273
64
90
327
222
416
128
54
196
50
114
169
214
849
687
861
333
208
109
292
781
366
549
357
848
577
179
137
445
71
836
304
382
285
298
821
247
232
58
81
603
181
792
335
286
443
18
457
621
574
149
961
550
728
856
204
422
391
948
734
271
762
87
735
96
559
974
499
84
567
316
898
199
291
190
106
420
629
930
282
135
275
281
458
26
258
543
372
593
121
730
354
527
334
599
108
790
53
89
448
627
116
682
727
77
136
41
756
672
862
670
453
885
869
767
982
590
788
263
153
16
185
586
927
5
389
130
614
206
117
195
683
798
112
760
488
680
88
270
772
437
483
254
635
419
192
158
76
704
126
259
962
943
699
579
156
283
154
594
252
867
10
78
198
51
59
23
731
970
899
716
551
92
761
644
395
572
714
674
757
328
290
838
998
425
686
216
766
826
651
373
22
393
870
723
907
935
107
413
642
35
529
62
315
624
992
793
141
889
676
193
905
890
843
853
825
647
702
540
207
855
545
85
827
305
434
575
617
689
235
606
371
28
975
440
872
496
639
468
310
657
525
866
648
726
405
566
933
426
952
565
823
807
69
997
536
658
622
289
719
616
463
296
924
936
122
95
349
188
151
52
706
780
547
649
178
896
684
374
27
378
554
802
113
474
194
665
987
994
323
144
808
874
73
569
782
770
6
608
264
79
139
946
537
321
752
558
602
993
464
489
879
612
439
984
476
203
187
618
912
507
640
436
882
981
834
519
677
811
613
620
451
7
148
732
986
450
49
520
528
571
535
965
55
142
93
972
759
157
367
832
398
45
91
854
125
140
446
171
66
427
768
486
8
605
431
369
330
324
303
660
337
769
604
39
227
764
267
43
115
909
544
573
219
531
164
379
497
897
189
505
256
509
991
220
262
313
745
902
74
652
233
846
508
134
98
783
336
387
350
361
390
893
703
666
412
481
733
922
226
438
915
221
248
937
813
493
152
246
522
845
919
297
871
588
167
276
224
311
123
424
277
180
260
655
331
339
747
111
784
518
564
739
225
218
840
748
715
584
806
491
460
964
170
127
904
650
679
817
465
875
268
691
475
865
888
822
455
737
626
3
598
34
173
667
940
340
462
24
681
253
887
280
433
70
442
175
610
743
910
484
490
177
513
985
851
381
174
953
231
428
995
830
938
786
754
971
165
548
454
72
693
210
810
942
68
101
217
597
713
978
61
191
365
279
133
345
881
29
417
678
580
797
470
979
701
724
160
601
478
740
921
914
643
532
662
570
239
415
377
329
847
563
557
592
932
763
163
850
671
977
159
916
4
595
403
124
585
495
632
560
928
755
469
351
801
100
343
131
342
408
589
741
110
746
517
656
929
925
348
230
718
966
619
812
326
503
944
600
700
249
332
338
524
883
255
257
147
2
530
397
631
356
685
873
394
441
819
31
561
319
456
609
309
722
633
837
355
444
388
664
771
341
57
9
625
86
694
863
738
709
459
607
773
796
903
473
945
83
880
63
999
44
510
492
949
511
842
162
261
60
941
42
65
294
94
758
266
918
15
385
399
504
692
118
145
485
278
815
857
775
911
800
452
344
487
396
325
641
844
168
318
317
240
951
362
512
556
183
237
514
411
302
568
954
742
479
75
48
404
980
913
102
876
908
155
506
542
293
990
736
864
707
803
628
176
546
143
200
19
858
502
67
829
884
795
414
461
661
710
322
583
449
368
818
578
472
80
501
429
860
466
591
236
430
523
744
947
312
228
320
816
363
895
211
878
957
234
352
269
401
287
364
725
477
346
119
245
376
711
877
150
697
824
900
56
17
244
934
161
37
753
533
11
213
988
