367
758
355
872
768
969
301
184
503
85
678
262
334
443
449
666
79
513
310
295
106
453
45
236
720
741
114
119
209
203
33
899
956
721
612
912
349
903
70
511
398
947
692
924
197
632
583
361
385
150
598
111
980
841
543
648
113
704
661
88
629
319
105
861
572
415
332
438
240
985
273
109
621
675
584
846
540
790
674
892
180
464
92
416
23
910
181
713
523
894
461
246
258
330
690
121
770
527
955
234
400
56
89
933
739
649
312
531
577
124
553
776
586
287
404
255
369
750
432
865
847
192
628
39
581
268
357
696
546
14
198
979
206
140
179
986
298
715
186
656
155
163
759
314
576
897
879
285
911
505
283
190
422
610
631
935
219
46
80
745
793
645
281
468
413
260
177
57
396
362
261
796
989
762
526
103
855
929
993
742
345
144
245
714
569
539
641
625
157
830
60
668
882
43
535
238
889
709
455
729
976
102
467
374
616
520
596
25
6
372
178
256
635
881
999
934
376
280
814
604
110
151
336
688
642
340
78
595
948
599
843
269
359
346
552
726
731
605
384
162
164
783
977
997
626
297
143
942
339
83
65
547
799
890
379
195
538
306
960
311
414
735
58
716
356
225
880
636
824
590
377
921
9
17
874
594
371
804
740
515
746
93
48
638
950
680
888
806
435
908
130
936
248
792
807
13
926
582
309
551
97
659
343
176
835
502
887
817
378
318
30
869
481
187
394
160
537
845
488
399
138
651
265
702
498
573
427
84
580
832
761
32
534
857
603
722
957
61
69
561
19
139
730
528
944
707
321
836
864
40
524
441
188
970
816
756
470
522
277
242
7
437
108
353
496
276
117
387
795
519
263
510
200
244
132
813
658
293
401
786
821
570
454
650
751
930
862
403
167
763
772
530
627
608
189
497
274
475
405
363
995
829
476
501
492
169
72
142
239
226
147
335
738
607
848
352
571
73
965
368
351
305
66
16
915
275
620
37
286
74
35
838
529
365
800
876
409
253
18
767
237
315
886
665
818
606
753
91
689
328
486
71
780
350
896
544
703
307
122
946
118
493
447
313
831
499
386
972
469
679
810
366
126
630
533
637
434
917
542
545
68
744
940
337
901
653
954
495
815
640
77
964
156
536
456
902
967
76
893
839
389
267
445
82
320
159
765
133
148
86
834
554
477
695
860
494
210
450
819
218
270
959
55
988
161
474
766
300
222
754
296
436
549
485
613
560
966
29
525
757
644
135
323
173
146
643
973
292
241
743
136
507
170
421
247
185
44
670
123
867
11
781
693
760
291
878
711
288
587
728
232
684
706
852
557
165
358
871
491
798
941
618
859
471
548
382
12
514
322
858
556
516
755
21
137
4
317
733
483
782
424
508
634
991
797
329
938
748
918
294
588
558
963
407
279
849
47
120
112
775
290
931
883
199
194
647
278
430
26
939
231
919
983
221
28
230
27
20
391
504
837
442
10
104
500
541
778
566
452
593
175
212
347
419
808
639
794
943
619
559
62
779
615
125
945
191
344
667
213
574
863
823
308
333
168
812
397
826
172
685
851
145
201
1
575
128
98
153
408
961
462
809
699
383
698
827
550
42
764
622
774
691
284
24
8
811
801
662
822
149
429
426
791
299
217
466
380
257
737
701
482
555
652
325
657
36
94
870
987
565
971
489
341
233
771
460
272
96
914
193
196
446
718
480
686
388
951
252
600
922
38
788
302
564
785
937
875
440
913
459
410
994
589
303
909
974
777
411
664
676
484
53
381
75
517
916
425
417
578
458
418
602
264
844
708
174
592
412
342
41
509
868
784
734
171
211
853
518
64
34
223
129
932
259
655
451
154
472
568
724
611
710
669
840
271
227
228
694
95
63
591
968
617
87
289
433
338
802
978
996
633
854
49
925
50
905
220
562
866
316
719
992
787
927
752
805
682
51
158
820
725
370
825
873
697
506
5
683
81
373
490
512
727
732
687
251
623
392
671
166
654
406
923
712
100
282
214
134
327
67
928
229
348
479
646
700
420
984
463
885
243
920
803
360
2
423
487
444
127
266
205
324
182
183
116
673
395
465
131
224
990
202
235
331
773
898
521
891
958
204
457
567
681
141
660
828
354
672
101
949
769
99
215
31
904
326
216
663
107
601
597
59
208
254
906
54
747
0
402
304
952
249
962
998
22
364
375
723
439
614
900
390
473
115
15
90
705
953
532
250
3
585
749
677
842
609
579
981
877
624
448
428
52
789
736
982
884
478
393
152
431
975
907
850
833
856
717
563
895
207
