221
417
694
758
809
605
565
590
78
938
849
284
395
316
143
568
99
753
881
576
457
645
197
883
125
967
531
754
988
934
534
333
928
586
85
830
258
88
663
51
490
323
528
73
133
587
239
661
683
526
535
35
346
854
334
954
974
676
927
905
303
263
495
945
342
41
690
603
742
410
940
222
376
0
662
378
557
833
288
291
600
841
820
554
925
729
194
473
329
637
450
96
665
906
640
671
647
522
536
885
684
730
338
734
852
240
48
955
617
618
183
406
759
692
932
381
516
773
792
822
648
917
170
7
262
34
929
872
876
725
597
92
962
361
560
388
857
30
877
130
317
783
311
986
668
555
14
737
250
241
470
707
689
12
416
926
983
253
814
629
273
578
254
326
853
990
94
27
700
471
968
53
498
579
594
219
991
970
153
774
489
401
496
930
973
716
104
367
47
865
431
478
680
845
861
228
623
949
897
349
84
778
500
285
116
828
129
867
807
966
942
634
389
748
610
147
138
161
985
314
397
182
519
108
49
223
674
708
745
203
190
992
740
733
632
385
976
633
384
767
56
855
695
544
427
816
731
474
260
918
24
105
106
869
981
571
461
365
891
374
755
234
110
898
135
156
186
625
344
837
369
944
224
304
50
238
436
3
738
751
17
128
278
390
22
301
432
698
158
916
302
270
743
682
208
538
290
911
396
838
152
537
149
980
965
100
870
562
664
146
169
660
214
656
719
75
282
497
704
67
842
727
583
513
691
705
123
477
256
686
15
144
40
895
886
375
83
960
862
173
364
113
352
157
310
275
601
463
400
823
832
174
706
659
185
483
527
569
850
435
231
622
549
271
984
541
521
721
788
777
180
70
943
87
577
878
566
42
901
305
923
168
267
97
331
658
366
903
430
247
687
994
924
44
137
9
445
452
434
454
299
978
269
318
599
643
630
638
650
20
993
1
415
142
626
320
233
546
10
245
145
6
547
266
641
763
889
136
179
274
770
806
880
151
812
411
636
350
74
874
140
69
446
893
188
13
551
919
325
107
709
829
887
672
298
391
972
790
95
217
835
713
236
580
598
939
55
798
848
377
595
422
103
482
863
655
469
715
65
340
899
588
265
297
172
33
126
164
914
511
8
235
382
480
176
71
851
827
810
68
313
437
556
739
797
362
127
229
654
948
532
607
292
593
563
380
971
43
769
355
218
398
724
429
289
619
252
23
800
244
246
283
414
677
413
306
746
786
996
178
423
216
276
772
609
935
322
207
909
518
28
293
220
789
796
167
732
502
756
776
670
998
372
564
896
989
286
839
268
309
858
825
818
836
613
523
319
200
817
458
921
582
646
741
750
860
393
335
296
201
63
359
459
232
703
347
339
261
308
982
611
403
843
620
455
999
913
574
19
757
86
950
287
255
907
920
723
162
409
875
57
512
801
701
462
604
545
615
215
327
426
953
295
472
294
824
18
912
139
257
80
90
529
760
628
354
892
11
900
373
501
46
392
134
379
148
64
425
558
520
45
467
59
165
82
193
58
443
321
894
370
119
26
768
433
465
453
840
205
624
211
79
726
702
673
77
747
166
542
408
956
226
864
728
524
539
383
811
102
995
675
121
667
525
510
356
101
31
230
195
785
491
341
834
572
804
642
386
608
479
112
196
744
61
799
803
714
959
710
979
627
442
808
584
120
859
540
752
243
543
419
681
312
117
575
475
815
908
494
548
52
307
332
931
187
481
32
418
585
328
360
279
76
93
718
639
499
781
159
39
922
476
987
802
761
736
330
451
202
606
958
2
277
163
209
621
264
696
902
16
530
693
368
109
404
37
249
813
492
248
946
345
131
509
181
122
515
952
36
826
910
212
957
888
449
150
805
439
213
358
124
649
915
421
336
552
782
570
581
192
764
89
154
712
160
653
947
387
795
844
189
961
616
111
348
118
669
407
964
405
460
722
114
847
794
652
508
280
644
300
631
81
514
882
936
141
517
766
62
206
505
941
227
765
115
60
440
448
780
424
890
5
678
25
856
873
438
4
155
711
793
464
402
591
444
225
357
602
343
735
29
717
66
503
506
553
272
775
614
324
821
771
969
337
871
977
351
533
975
91
504
456
831
589
72
251
21
685
868
697
573
54
679
447
198
612
487
281
651
749
242
441
184
38
488
177
699
204
486
171
559
353
561
720
550
259
879
657
567
428
484
784
507
666
762
394
485
98
191
596
468
420
904
937
779
466
635
399
210
315
951
933
688
175
884
412
371
237
997
363
132
791
787
866
963
592
493
846
199
819
